City_ID,City,Cloudiness,Country,Date,Humidity,Lat,Lng,Max Temp,Wind Speed
0,Vaini,20,TO,1579618500,94,-21.2,-175.2,295.15,4.09
1,Mataura,100,NZ,1579618501,94,-46.19,168.86,287.59,0.76
2,Avarua,100,CK,1579618502,94,-21.21,-159.78,297.15,1.5
3,Avera,90,US,1579618503,39,33.19,-82.53,274.26,3.1
4,Neiafu,20,TO,1579618505,54,-18.65,-173.98,302.15,3.29
5,Alofi,11,NU,1579618506,93,-19.06,-169.92,292.15,0.5
6,Vaitape,100,PF,1579618507,75,-16.52,-151.75,300.53,3.57
7,Tevaitoa,100,PF,1579618508,71,-16.78,-151.5,300.56,3.67
8,Moerai,89,PF,1579618509,84,-22.43,-151.33,299.48,7.22
9,Papara,40,BR,1579618510,55,-3.98,-38.73,304.15,3.1
10,Pangai,0,TO,1579618511,72,-19.8,-174.35,298.41,3.57
11,Teahupoo,100,PF,1579618512,74,-17.83,-149.27,299.15,0.5
